   13.4973    14.2037    48.1447    -0.3855    -0.1567    -0.9093    -0.8846     0.3430     0.3159     0.2623     0.9262    -0.2709        n/a     5.9756    59.8190        n/a     8.7121     0.1456    89.6854   195.3379     0.9863
   12.8971    14.0253    46.9523    -0.4953    -0.1108    -0.8616    -0.8236     0.3753     0.4252     0.2763     0.9202    -0.2772     8.3874     6.6334    11.7243     0.0727     8.1645     0.6964    26.8758    54.8567     0.6993
   12.2605    13.9076    45.9253    -0.5462    -0.0858    -0.8332    -0.7743     0.4313     0.4631     0.3196     0.8981    -0.3021     8.0307     6.8911    10.0032     0.0319     7.9501     0.7948    25.4124    50.5078     0.5569
   11.5424    13.8066    44.8605    -0.5640    -0.0724    -0.8226    -0.4017     0.8944     0.1967     0.7215     0.4413    -0.5335     7.7664     7.0254     8.6425     0.0081     7.7459     0.8963    24.4165    47.2816     0.3211
   10.7752    13.7136    43.7376    -0.5583    -0.0647    -0.8271     0.7850     0.2812    -0.5519     0.2683    -0.9575    -0.1062     7.5075     7.0614     7.8920     0.0146     7.4951     0.9497    23.6572    44.3284     0.2351
    9.9950    13.6257    42.5501    -0.5358    -0.0585    -0.8423     0.8220     0.1917    -0.5362     0.1929    -0.9797    -0.0546     7.3279     6.8589     7.6637     0.0244     7.3008     0.9527    23.0877    42.1398     0.1773
    9.2366    13.5464    41.3069    -0.5029    -0.0495    -0.8629     0.8292     0.2542    -0.4978     0.2440    -0.9659    -0.0868     7.4059     7.1907     7.7847     0.0303     7.3840     0.9485    23.3039    43.0189     0.2401
    8.5292    13.4840    40.0290    -0.4641    -0.0347    -0.8851     0.8167     0.3700    -0.4428     0.3428    -0.9284    -0.1434     7.4125     7.1490     7.8297     0.0342     7.4091     0.9463    23.3749    43.2970     0.3362
    7.8928    13.4494    38.7447    -0.4232    -0.0121    -0.9060     0.7798     0.5043    -0.3710     0.4613    -0.8634    -0.2040     7.3299     7.0904     7.6472     0.0375     7.3186     0.9570    23.0567    42.1857     0.2452
    7.3363    13.4528    37.4814    -0.3830     0.0185    -0.9236     0.7226     0.6288    -0.2870     0.5755    -0.7773    -0.2542     7.1587     6.8847     7.3759     0.0403     7.1538     0.9699    22.5434    40.3180     0.2305
    6.8575    13.5002    36.2585    -0.3461     0.0545    -0.9366     0.6622     0.7214    -0.2027     0.6646    -0.6904    -0.2857     7.0478     6.7079     7.4267     0.0407     7.0348     0.9472    22.2060    39.0535     0.2513
    6.4445    13.5907    35.0819    -0.3155     0.0897    -0.9447     0.6258     0.7680    -0.1360     0.7133    -0.6341    -0.2985     7.0230     6.5452     7.7053     0.0351     6.9938     0.9077    22.1028    38.6457     0.2535
    6.0785    13.7154    33.9408    -0.2937     0.1149    -0.9490     0.6863     0.7164    -0.1256     0.6654    -0.6882    -0.2892     7.0418     6.1330     7.9663     0.0207     7.0237     0.8817    22.2195    39.0159     0.2473
    5.7372    13.8580    32.8099    -0.2816     0.1210    -0.9519     0.7615    -0.5754    -0.2984    -0.5838    -0.8089     0.0699     7.1639     6.0393     8.0911     0.0080     7.1498     0.8837    22.5886    40.3758     0.1753
    5.3991    13.9968    31.6544    -0.2775     0.1044    -0.9550     0.0305    -0.9926    -0.1174    -0.9602    -0.0617     0.2723     7.3724     6.5314     8.2841     0.0230     7.3763     0.8904    23.2516    42.8777     0.1911
    5.0466    14.1083    30.4392    -0.2777     0.0691    -0.9582    -0.0270    -0.9976    -0.0641    -0.9603     0.0080     0.2789     7.6692     7.0357     8.4489     0.0327     7.6349     0.9037    24.1347    46.0665     0.3485
    4.6693    14.1716    29.1381    -0.2786     0.0240    -0.9601    -0.0095    -0.9997    -0.0223    -0.9604     0.0029     0.2787     7.8680     7.0762     8.4321     0.0337     7.8196     0.9274    24.8655    48.6098     0.4202
    4.2652    14.1724    27.7439    -0.2778    -0.0219    -0.9604     0.0455    -0.9989     0.0096    -0.9596    -0.0411     0.2785     8.0226     6.7576     8.7083     0.0294     7.9839     0.9168    25.2770    50.4523     0.3497
    3.8412    14.1062    26.2746    -0.2763    -0.0635    -0.9590     0.0215    -0.9980     0.0599    -0.9608    -0.0041     0.2771        n/a     7.7982    47.9673     0.0251     7.5270     0.1569    69.4468   130.6814     0.9517
    3.4125    13.9798    24.7760    -0.2701    -0.0960    -0.9580     0.3933    -0.9192    -0.0188    -0.8788    -0.3818     0.2861    18.3669     9.7775    46.3678     0.0182    12.2669     0.2646    66.9220   205.2315     0.9495
    3.0003    13.8104    23.3189    -0.2767    -0.1287    -0.9523    -0.4450    -0.8612     0.2457    -0.8517     0.4918     0.1810    19.9576    11.7229    47.0008     0.0284    14.7359     0.3135    71.0535   261.7589     0.9348
    2.6292    13.6235    21.9918    -0.2392    -0.1293    -0.9623     0.9345     0.2385    -0.2643     0.2637    -0.9625     0.0638    22.2192    13.0028    51.0956     0.0487    16.3099     0.3192    78.7073   320.9270     0.9263
    2.3240    13.4482    20.8890    -0.3379    -0.2019    -0.9193    -0.7757    -0.4934     0.3935    -0.5331     0.8460     0.0101    22.1246    13.6419    47.5625     0.2740    17.0110     0.3577    77.8672   331.1496     0.9156
    1.8114    13.1382    19.8897    -0.5179    -0.3140    -0.7957    -0.6844    -0.4059     0.6056    -0.5131     0.8583    -0.0047    23.1869    13.8247    38.2470     0.1486    18.5459     0.4849    79.9882   370.8633     0.9028
    0.7082    12.4795    18.4753    -0.6024    -0.3499    -0.7174     0.2785     0.7502    -0.5998     0.7480    -0.5611    -0.3545    16.8661    13.9679    22.7726        n/a    16.4568     0.7227    53.8378   221.4994     0.6422